Proneural	Classical	Mesenchymal	Proneural_pval	Classical_pval	Mesenchymal_pval
P1	15000.0537830145	17207.242944443	16455.6341277946	0.977022977022977	1	1
P3	15248.4314027201	18568.2302814687	16488.5328105612	0.958041958041958	1	1
P7	15653.4532925927	18823.995618612	17989.010899617	0.923076923076923	1	0.998001998001998
X00426c02.8fec.4862.92e6.876a81533b9e	17736.123293377	23714.3694504643	22457.9142277018	0.223776223776224	0.0579420579420579	0.010989010989011
X006aabaf.a659.436d.baed.f59795f934cf	18121.5415877601	20426.6136175557	19010.778591173	0.112887112887113	1	0.981018981018981
X00cce172.4b2b.4cb5.b6dd.47c9627972af	19221.7405601741	22857.0167461233	19785.4759053012	0.00999000999000999	0.370629370629371	0.866133866133866
X03fc636b.9e3d.42ea.88cf.8081539a9859	16777.5902388157	23249.9271400834	24966.1430343747	0.603396603396603	0.201798201798202	0.000999000999000999
X068454cb.7789.4814.80a0.1935c6a08798	16635.9210716955	24377.6114560415	21531.8522175797	0.659340659340659	0.004995004995005	0.158841158841159
X06e61218.fbda.4a4f.a9ec.16ccf5255ded	12224.3389176294	22742.3965750944	16178.6123311556	1	0.428571428571429	1
X072f2d4e.db08.40c2.891a.9199e47fcac3	20953.1333697811	21874.454412919	21817.6261829871	0.000999000999000999	0.85014985014985	0.0919080919080919
X09326c4e.9905.444f.aa11.f2944045e455	20187.3979064553	23600.261595587	23072.9675736918	0.001998001998002	0.0819180819180819	0.000999000999000999
X0d880932.47ab.4b88.b00e.6921d2be5936	16209.3662256712	24310.4114511885	21435.7430703458	0.804195804195804	0.00599400599400599	0.18981018981019
X0dfece20.8425.42b1.a50a.fcf81f997351	13341.0852263808	17573.2151201771	17866.5783558239	1	1	0.999000999000999
X14aff5e3.5f0c.4e7c.abec.806009b5a39a	20666.2891953951	21192.6377145256	19353.644038177	0.001998001998002	0.974025974025974	0.936063936063936
X155e74da.ebd4.4f87.ac74.7bf9fd74644f	16411.6762824118	22198.1556918887	23535.6497314741	0.743256743256743	0.732267732267732	0.000999000999000999
X16b32013.0291.458e.b637.f73ccbaee84f	15678.5768857771	24645.5797094438	22592.1033681057	0.919080919080919	0.001998001998002	0.00699300699300699
X1b8cc228.a020.4418.be03.ad409d781728	12187.5796381596	20529.6698577863	17050.9202656228	1	1	1
X1bc3c302.0e49.4944.b3ce.7d6e6f846493	14814.6900289131	23664.9651526477	21485.1587621391	0.987012987012987	0.0659340659340659	0.172827172827173
X1c091fe9.f2ca.478c.95be.b924f30c4c75	19600.5053646933	23227.0061816894	22272.3682378608	0.002997002997003	0.211788211788212	0.027972027972028
X20445437.9781.49d6.b55a.afafcc33c459	17706.5857052102	25417.3591464572	20226.6344002771	0.231768231768232	0.000999000999000999	0.701298701298701
X20ccfe17.ec2c.433f.a87c.07018a3a7522	17128.1199539457	19130.6189141769	20296.8724479535	0.474525474525474	1	0.67032967032967
X20db3a49.ca35.4562.bc96.7e98c381830f	15985.0226078765	24331.0997175885	20358.8182051546	0.86013986013986	0.004995004995005	0.647352647352647
X21b8a64f.800c.45bc.b7a4.a2e666330549	19064.3288543188	24539.4981422836	21279.5726464157	0.017982017982018	0.001998001998002	0.233766233766234
X22085d53.b816.4c33.b1ef.6f199775f39c	20859.6485751837	22421.0542775775	20066.8866792682	0.001998001998002	0.59040959040959	0.768231768231768
X232c3577.fe73.4c74.99c8.51c82a6aca1c	12458.6524385673	22842.7862831877	15169.7026494895	1	0.385614385614386	1
X2458c146.74ef.4c2a.b2b4.1bb6ab5292a9	20796.392918872	22365.4782732128	20374.8150751005	0.001998001998002	0.624375624375624	0.639360639360639
X278eb29c.4e2d.4ed0.b938.43335a274b9e	19215.4637548265	24169.4529728531	21826.0884134492	0.00999000999000999	0.011988011988012	0.0899100899100899
X2a4e4787.3070.40e4.955e.32d61402a33d	15539.2157119764	23064.4800216382	21484.2352088429	0.941058941058941	0.276723276723277	0.173826173826174
X2ada884e.1839.4bb0.ba03.7f04085f0a07	13383.0578791465	22123.3866872131	17662.7048187514	1	0.765234765234765	1
X2b542440.46c8.49b4.8657.a01e864b3f80	15216.0560104263	23096.8964775837	23847.1694708905	0.962037962037962	0.262737262737263	0.000999000999000999
X2c257408.2e69.4424.9fb2.6512f4d88b6b	18207.6194053241	24104.9232377948	21500.2369429389	0.0979020979020979	0.017982017982018	0.167832167832168
X2f3ed4ce.16b8.447d.9b18.d1e95d21de76	17390.5489696135	22538.502198042	22823.8152186172	0.356643356643357	0.525474525474525	0.004995004995005
X3071ca0c.c031.4fe2.a534.e7de322bc4ae	15873.5357561601	21021.0906031835	18217.8221701036	0.887112887112887	0.987012987012987	0.998001998001998
X31050be4.da9b.4691.9a70.93d1dda4695a	16803.870228521	23233.7885438255	22476.7179928673	0.595404595404595	0.205794205794206	0.00999000999000999
X3449e073.b0f2.4498.b9db.18e8593ef580	17771.1826376951	24520.364107763	23811.1339880693	0.213786213786214	0.001998001998002	0.000999000999000999
X34eded85.bb51.4577.a728.152f6914ed1a	16082.2854780411	22810.6189635264	25489.4892588406	0.839160839160839	0.402597402597403	0.000999000999000999
X39f91c2c.9527.4185.aa04.eb42e7fab7c1	14085.1880538845	19391.304415091	21497.944740538	0.995004995004995	1	0.168831168831169
X3a3c6a53.219d.4048.a012.9e9a2594c72d	18483.3796873072	23989.6992599958	20121.7919269509	0.051948051948052	0.024975024975025	0.746253746253746
X3a92bb9b.a6ee.418e.9c21.6bfcf3d6b1a9	18589.782819789	22431.1635974418	23448.1888142735	0.037962037962038	0.585414585414585	0.000999000999000999
X3bd5dd10.0de9.495a.a94a.c57ecd63c097	17933.662329332	24245.3086694432	23482.4467131711	0.160839160839161	0.00899100899100899	0.000999000999000999
X3e599f68.2ba6.4fef.99aa.4b0bdf31e9bb	12778.4608248718	22931.7225104663	15974.5466288076	1	0.333666333666334	1
X3f3cea14.b553.4e0b.a255.a15999e760fe	17511.9525182115	21724.6966618898	18437.3751675006	0.298701298701299	0.898101898101898	0.993006993006993
X3fef7878.8d16.44c6.8d24.a6de90b66747	17685.6908122257	24425.2166801997	21470.6424106567	0.231768231768232	0.002997002997003	0.17982017982018
X41e3970d.06d0.442a.b41e.128b6e0e743c	20296.1377637449	23216.5201061655	22332.7080406573	0.001998001998002	0.214785214785215	0.023976023976024
X4268518f.c025.4f8f.8d28.a23372797625	15437.4575460924	20575.076566307	16598.1274985623	0.946053946053946	1	1
X4af1f2b3.5b91.4fea.9268.70435ee322f2	16725.4931049785	21806.2661283723	17894.507983626	0.624375624375624	0.875124875124875	0.999000999000999
X4b88ba3b.6b4b.42b4.a64d.d45358cef26d	16974.1789419281	24338.9092638592	22410.6576500137	0.532467532467532	0.004995004995005	0.015984015984016
X4bc70225.3511.4571.8029.7ac499e60742	18122.0798462034	23287.0717245252	19809.9695123052	0.112887112887113	0.194805194805195	0.859140859140859
X4c8938ac.74ea.46f3.af36.8aa38d01e380	17511.1282542687	22158.0675839133	20744.1652348318	0.298701298701299	0.746253746253746	0.470529470529471
X51874595.feb0.41a6.811f.dd732cf6c93c	15152.4426902901	24388.6039145674	17914.6068453287	0.97002997002997	0.004995004995005	0.999000999000999
X51eb0c58.e29a.4e05.8b1e.93cbe016c05f	17780.169246353	23004.8776671306	22294.6639114129	0.211788211788212	0.306693306693307	0.025974025974026
X5416b72f.7e75.4fab.a0e0.5396b5bf6cbe	15901.1246697631	24358.799912905	21132.4161139127	0.879120879120879	0.004995004995005	0.280719280719281
X554056ed.3d15.43df.baca.38683f381695	19875.0964609744	20802.7584431647	18676.113702778	0.001998001998002	0.997002997002997	0.989010989010989
X55d27295.1e5e.45bf.a4b5.d731f3e538ff	13856.1723148191	23303.2968290301	20581.4170140084	0.997002997002997	0.187812187812188	0.541458541458541
X56c0c169.5480.4d14.b0d7.bd4214d0e7cf	19512.361575659	22253.9101847959	23957.0264835396	0.004995004995005	0.698301698301698	0.000999000999000999
X570657de.da5c.4b5a.9b85.7753729722b6	21806.7203825245	23952.3302422241	19462.0538050473	0.000999000999000999	0.028971028971029	0.926073926073926
X574174d5.f635.414b.ae70.afdd6ec6ddcf	15936.4608800798	22047.7286790741	17177.2078875955	0.871128871128871	0.795204795204795	1
X5839c040.bff3.4c8d.82ee.45d0bc793963	18589.1407559669	22917.1060294035	18337.104063226	0.037962037962038	0.340659340659341	0.996003996003996
X5a2427b9.3e21.4ae3.bde7.06efcdf2bea3	16499.1385743699	24183.9028984098	21211.4000603126	0.71028971028971	0.010989010989011	0.253746253746254
X5ab9f2d4.e7da.4337.a0e0.24c3a79800c4	16878.3602554396	23397.2287567097	20941.5230011113	0.57042957042957	0.155844155844156	0.380619380619381
X5d90192a.0271.4169.ba9d.e52cf081a5c3	17095.4071532687	22321.2103973529	19008.4112534269	0.49050949050949	0.652347652347652	0.981018981018981
X5de95bee.c987.47a2.a375.5cc5458f22fd	16051.1302533604	24390.4840604778	18311.4419066696	0.843156843156843	0.004995004995005	0.996003996003996
X5deef317.126d.4435.ba6a.f36ba2c17018	17226.4307641926	24672.1568332082	21986.1310019582	0.426573426573427	0.001998001998002	0.0609390609390609
X5ee9b38e.1742.47aa.aa8d.927e90bc7f0c	17073.8011217644	25373.1325334456	18578.2123162376	0.496503496503497	0.000999000999000999	0.993006993006993
X5fcd9276.cf0e.4b88.bf8b.efdac7a2defa	20597.0271012399	20340.1229206201	21118.6309925006	0.001998001998002	1	0.285714285714286
X6037d66c.5c66.4a9f.a255.ee76a354b86e	13012.451806565	22622.8207457748	24244.0782549555	1	0.48951048951049	0.000999000999000999
X60da8783.0760.4366.8647.f3284195592f	15978.3951918749	24486.9349669433	22554.8575076558	0.864135864135864	0.001998001998002	0.00799200799200799
X614ea667.8b70.4b0b.bb7c.a5c5b30490fc	19711.714195055	19885.5625499788	20567.6311259279	0.002997002997003	1	0.547452547452547
X617be06c.8001.41ab.be2c.2a4050fe6ccc	19589.8773790636	20965.7873605199	22313.5539666189	0.002997002997003	0.989010989010989	0.024975024975025
X61e83633.f517.4616.aae0.71b17b1ea32e	12354.0013903241	21749.6386383166	20959.3339179706	1	0.89010989010989	0.372627372627373
X629c9424.1e68.4f73.abe3.22fbd3fbbad5	15440.0422538934	24412.9105738902	17051.6111771331	0.946053946053946	0.002997002997003	1
X651cc270.e577.40ba.9c8d.e4c36e5118ca	17564.9756472467	22526.3309967663	24069.4378994606	0.273726273726274	0.53046953046953	0.000999000999000999
X67d9092b.ae85.4687.b092.3012dbfab47a	18186.7150423849	22623.3881602256	18220.1521333556	0.101898101898102	0.488511488511489	0.998001998001998
X6827c4ab.4d67.41a3.9e37.b540f5d7c703	14306.539322605	24959.2637085846	18675.9475037216	0.993006993006993	0.000999000999000999	0.989010989010989
X6835ae68.2f18.4239.ac8c.6a8291101e45	18941.1550597747	22763.3698658592	19800.2750084092	0.020979020979021	0.422577422577423	0.863136863136863
X685a7e87.51f7.4da9.9ae1.659b1ff3c249	15430.4889895024	25409.1492491519	23897.2219457253	0.947052947052947	0.000999000999000999	0.000999000999000999
X69531d59.6508.4074.a63a.27b047121681	20635.4171570338	21647.7270945288	19449.4745471639	0.001998001998002	0.911088911088911	0.929070929070929
X69d44ffd.6b61.487d.b4c7.5808913f671c	15826.7134268904	22723.6016561214	20005.2324692059	0.899100899100899	0.433566433566434	0.794205794205794
X69f7dc91.32d1.4359.850f.860aab36e433	17847.3105717428	24930.6406967557	16545.2132534765	0.185814185814186	0.000999000999000999	1
X6a0df69c.6211.4db9.a278.fc7b2a2bb92c	18171.3978933426	24192.8916636538	21224.131173001	0.102897102897103	0.00999000999000999	0.251748251748252
X6a632943.e3a0.4c23.8a94.d18425abaa75	16422.3826069679	21181.6662913673	22422.6182096192	0.739260739260739	0.975024975024975	0.014985014985015
X6a94fd13.1867.4fc2.aa6d.c0ad48ac4390	14516.167295822	21739.6872624941	19129.3979556189	0.99000999000999	0.893106893106893	0.959040959040959
X6f1de6d4.722d.46de.a586.593224079064	18046.4191766345	23204.3361216199	23422.3654389254	0.11988011988012	0.21978021978022	0.000999000999000999
X6fa64d4a.8a11.4b3e.852c.bf916c82259f	17844.3384053901	23418.226005315	21401.2428339328	0.187812187812188	0.147852147852148	0.198801198801199
X71600f32.5a1f.477b.9ce5.2eb289504a57	19923.1842058261	22263.6731955954	21534.3547365401	0.001998001998002	0.692307692307692	0.158841158841159
X72183176.d844.452e.8736.303686bac768	11246.2436257377	22185.0699388606	18407.8268806759	1	0.74025974025974	0.994005994005994
X744c9d5a.ea71.4888.b36b.c1a286715d7b	16005.0136041691	23823.4269477869	19472.3760484363	0.854145854145854	0.040959040959041	0.924075924075924
X74895f90.43ef.4d2e.ab0a.9e7177f9d27c	17736.3907397872	23864.3737919952	23572.1739199359	0.223776223776224	0.035964035964036	0.000999000999000999
X74f3f3cb.d6f1.4e4f.8c76.7ebeefa0dbcf	18912.7234859958	23081.3211190616	21927.5111107531	0.021978021978022	0.26973026973027	0.0719280719280719
X75a95ec8.b67a.4e0c.a959.61344628ab11	16393.2605892261	22677.2272019732	20444.3426685419	0.749250749250749	0.454545454545455	0.606393606393606
X77b98b70.9bef.4e81.9eac.91467c322d4b	15381.0889313847	22450.9430515304	25472.818449247	0.949050949050949	0.575424575424575	0.000999000999000999
X77c261f0.384c.4906.a57e.7c3b35c17041	20105.4984998152	21100.3814037522	21360.7354238786	0.001998001998002	0.981018981018981	0.207792207792208
X7888f7b7.38da.4cc7.b542.836b193adfbf	17633.2864016605	24602.3720459908	20111.3746474353	0.252747252747253	0.001998001998002	0.749250749250749
X7a7637d0.110f.4809.a79f.9eead03c762b	14566.8813833289	23525.2461108138	15857.4721010942	0.99000999000999	0.107892107892108	1
X7b5011b5.5816.4c25.ad72.31152b70b9a0	17198.9506092548	22715.183877247	22501.6704963104	0.445554445554446	0.434565434565435	0.00899100899100899
X7b618409.40be.4c0a.bb0b.d8a305341504	17378.2201230299	24031.3051243596	21152.9381481933	0.35964035964036	0.01998001998002	0.270729270729271
X7b8c7e1e.6df9.4b64.9d94.5f16c3dda92a	20749.4607486008	24142.7815006008	19992.3752514546	0.001998001998002	0.014985014985015	0.801198801198801
X7dd407eb.da67.45b9.8630.28be882de4cb	12045.6055813684	24064.1293612296	12774.2182050962	1	0.017982017982018	1
X7f21d9fd.fd8a.44ec.b01f.93ded2b6babf	14911.5674790515	24105.0258190213	22269.8048059387	0.981018981018981	0.017982017982018	0.027972027972028
X819b706a.5f79.47b3.963c.72e445b7c9b5	20985.1898815942	23486.508366348	19202.3742776838	0.000999000999000999	0.125874125874126	0.949050949050949
X81ddd54e.ce35.4a15.ba5c.a58b5cac12ff	17838.9642252623	24154.7136004861	20088.1033858024	0.18981018981019	0.013986013986014	0.757242757242757
X87f40fda.2a48.4cb6.8b65.e1b043661cce	10496.4235559349	22005.1334151688	18024.9672016947	1	0.81018981018981	0.998001998001998
X8936f86b.336c.4f7e.b5f5.7006c4ac19b7	15700.3625178851	24778.6580681874	19432.010922025	0.917082917082917	0.001998001998002	0.931068931068931
X896c4e8b.9cb3.4b39.8ced.9da68d56757e	16743.2878542511	24298.5659431891	22534.4839173333	0.617382617382617	0.00699300699300699	0.00899100899100899
X8991cf60.96ae.481c.8568.6bc605d5c099	17888.476408366	24632.1263103839	21581.6975667608	0.172827172827173	0.001998001998002	0.145854145854146
X89dad61a.6e26.4fd2.b277.1e438092af86	14680.293943231	19937.6894386836	21191.6173418266	0.99000999000999	1	0.25974025974026
X8ca6d647.8970.4b82.99a3.fc72d9c51755	17206.6302632367	23649.4619590375	18660.7007216018	0.441558441558442	0.0699300699300699	0.989010989010989
X8f3294df.ef44.4b90.b53b.085909f26dcc	17503.3263258697	22929.4236443798	24615.0220170509	0.303696303696304	0.335664335664336	0.000999000999000999
X90cae234.f47d.4d36.b623.f602c8933228	15815.6086383999	23666.7761356423	23558.2100563939	0.899100899100899	0.0659340659340659	0.000999000999000999
X9240b811.4132.4ca4.b44e.7e672b594657	13755.916969548	20081.0801664075	17820.0539202071	0.997002997002997	1	1
X9537cbb7.6018.4894.a091.ab11d50dd9c9	13381.3867237535	23433.4886897703	21565.5451654696	1	0.143856143856144	0.148851148851149
X9553912f.1166.428f.8960.013ca051e2ef	22424.8128678884	22054.9676376933	21641.1180312274	0.000999000999000999	0.793206793206793	0.128871128871129
X9790bcec.796f.4ca9.ab62.b40b69d3a222	16225.4586635354	23098.8264331413	23346.6957882259	0.799200799200799	0.261738261738262	0.000999000999000999
X9813657d.da8b.4b27.9815.4b7d7b4bbac4	14203.0666675248	22869.4865244393	16078.4871539596	0.995004995004995	0.362637362637363	1
X9916e085.1027.4c91.9729.93dc36b71c86	14611.188175911	22620.7202953396	25952.7773085153	0.99000999000999	0.48951048951049	0.000999000999000999
X9930cbcd.1db8.433a.bbe1.2a821edc3000	16568.1030947326	23652.2865400673	22189.5703505265	0.684315684315684	0.0689310689310689	0.037962037962038
X9ac00a37.7f08.4c9f.ab77.4019a05c5083	18742.4781393771	23160.1819666257	21121.0353725648	0.027972027972028	0.23976023976024	0.284715284715285
X9c73dcae.262a.4473.a999.3ec148b733ed	13190.2210432574	23025.6611548472	18070.9494298983	1	0.297702297702298	0.998001998001998
a04f2c22.87db.420d.b673.33fd9e48c89e	17748.3502227212	23419.089778471	23249.8396933314	0.218781218781219	0.147852147852148	0.000999000999000999
a0bbc7d1.79dd.4f74.b0fb.c56fb6c06db0	19847.986246604	22484.1998141471	19838.3306580897	0.001998001998002	0.555444555444555	0.843156843156843
a1ec31bd.715d.4589.b7fc.951c79023c33	20176.2735554782	22059.444945043	18430.2069883987	0.001998001998002	0.793206793206793	0.993006993006993
a2fc40c6.a139.4669.b062.09b11b342088	14869.7561428729	22444.2844392884	16448.637890194	0.984015984015984	0.58041958041958	1
a586c240.b39c.4674.9276.1fa0a67503c5	19715.2537750957	21840.7332012948	20814.9590989852	0.002997002997003	0.861138861138861	0.436563436563437
a7260181.c266.427f.abba.4aa318f1710c	17561.961220677	23702.8806413686	22711.8830429278	0.273726273726274	0.0599400599400599	0.004995004995005
a7b5a50a.a1d0.4cb5.a749.3cfa2ffa4892	20039.5375272037	21994.7682876925	19474.7811104686	0.001998001998002	0.818181818181818	0.923076923076923
a9671acb.4933.4825.8757.233e9ecf7b4f	18258.8760894725	19401.9995590223	15656.0314427223	0.0919080919080919	1	1
b2bfc3b2.5c31.47aa.b008.5b959d0f8b0a	13369.9923983479	21469.8970997162	23643.4151709996	1	0.945054945054945	0.000999000999000999
b40da704.9908.4781.b614.70a81787168a	16606.3248723781	22439.2788091174	20070.3681248587	0.667332667332667	0.581418581418581	0.767232767232767
b4881576.f6a5.4ed0.a4a4.227f4bb73d7c	18706.2027887101	23036.8280768558	21195.2186190791	0.028971028971029	0.290709290709291	0.257742257742258
b4a5675d.b5c7.4b94.a8ca.b97b24cecca3	11190.7798402446	20872.6836295814	20267.9774147269	1	0.994005994005994	0.685314685314685
b4abde15.98d3.4e78.9170.6c372de5c0f3	16194.4318225664	23670.7228609384	19269.188078801	0.806193806193806	0.0659340659340659	0.945054945054945
b5138139.5314.4fb5.8bf0.e0450141ac57	21758.4245253308	23163.4555681686	21541.6703617005	0.000999000999000999	0.23976023976024	0.158841158841159
b8ef3888.aa28.4590.a2d8.d16943b247b5	16398.2229351541	24166.9326697482	23442.4476536973	0.748251748251748	0.012987012987013	0.000999000999000999
b9f22a3d.f54f.40d3.a2d2.7b2788eb4d64	16924.0705267055	20404.770205808	15289.2388861324	0.552447552447552	1	1
ba9afa8e.405c.49b7.bc66.8ab1af1f942e	16543.2303229381	24254.2329713776	24042.864525663	0.69030969030969	0.00899100899100899	0.000999000999000999
bba8d1b1.ee43.49dd.8048.78ee57bddca1	17501.6847356149	23434.2598322103	23247.1579730565	0.303696303696304	0.143856143856144	0.000999000999000999
bc52ddc4.e8da.45fc.8c3a.6a9683d699af	17738.0249208087	22646.8487346856	21322.9616496731	0.223776223776224	0.473526473526474	0.216783216783217
bc8a7421.4529.42de.a66c.f815138fe015	12729.3094893502	22095.1195297647	16401.3656931489	1	0.778221778221778	1
bd40ca45.33da.4798.a3bd.7640c784d6a9	13419.5296095237	24581.2213135051	22446.1642036346	1	0.001998001998002	0.011988011988012
bec610b2.9082.429d.8aef.6cbf3bb7a020	20617.6896326781	23094.5608864156	21585.3035491662	0.001998001998002	0.263736263736264	0.142857142857143
c073adc8.e8a4.4c94.9737.4286c37c2e3e	18303.944179891	23233.2428302856	21317.2359673991	0.0819180819180819	0.206793206793207	0.216783216783217
c14dcde5.8445.4dcf.a0f6.ebd014541189	13848.4605928299	21968.3852899129	18772.2901567784	0.997002997002997	0.824175824175824	0.986013986013986
c2cd78e5.babb.4f6f.9988.6bab8c2bd217	18118.7074763783	21722.8250246547	22031.7403430976	0.112887112887113	0.898101898101898	0.04995004995005
c66cf9f2.a9c2.4b4b.8281.ac1593e87246	18691.3711009149	22186.1286051383	22887.0145053347	0.02997002997003	0.74025974025974	0.001998001998002
cae1f29a.9b4e.4dcb.a3c1.b4b662a32907	18126.8442329968	24172.2789732715	19844.7662040422	0.111888111888112	0.011988011988012	0.843156843156843
cd0dbfa3.351a.48cd.84b5.481a2b5a6adc	19162.117489292	20197.9298164682	17498.7580292551	0.013986013986014	1	1
cd358773.9979.40c8.b34f.57afcc820dea	15924.2573796338	23860.3868572611	20769.2939232058	0.873126873126873	0.036963036963037	0.453546453546454
cd6e8382.9117.49c7.a89f.1d79b0ad8815	17620.7670829682	23454.749239111	21493.5924670171	0.258741258741259	0.136863136863137	0.170829170829171
d08790b4.5acd.4392.a1a9.355ee061ea8a	21415.8906414071	22399.6541715588	20718.2120698391	0.000999000999000999	0.609390609390609	0.481518481518482
d44fbbb6.168a.4454.aa47.7da08a8949b6	14048.8923445977	19971.4955302133	15350.3513028544	0.995004995004995	1	1
d6a91466.993b.48f3.bbbf.aadd628e8e99	13832.410442328	23174.3691453799	20077.3038040747	0.997002997002997	0.232767232767233	0.763236763236763
d8b840c7.e6cd.4cf9.824f.131fb18bf3b4	21562.4139796271	23087.449282132	19265.0605043804	0.000999000999000999	0.266733266733267	0.945054945054945
db17edfa.a85d.4498.8203.83d9949c3483	17217.6157810248	23951.0788506204	22814.0231993229	0.435564435564436	0.028971028971029	0.004995004995005
dbcf47dd.1c8d.4736.9ea2.08c03a94b298	17718.5662650221	21867.0540688763	18099.4875385811	0.228771228771229	0.853146853146853	0.998001998001998
ddb028d4.2242.4de7.9560.4c7fd0b93af7	14573.0836171467	22653.2893999816	20081.103983332	0.99000999000999	0.467532467532468	0.76023976023976
ddb16b8d.9ad8.4c66.a986.513d3507b26d	20170.6897003151	22155.1353800888	24101.9544070468	0.001998001998002	0.747252747252747	0.000999000999000999
dfbc7136.f7f7.4c2f.93a1.c46b2247cce5	20436.1330341857	24111.922571029	21949.4217947142	0.001998001998002	0.017982017982018	0.0689310689310689
e0da1f5a.658e.44b0.a503.98925dd332e0	14465.4226627417	20461.0779021146	22782.5284496514	0.991008991008991	1	0.004995004995005
e1f33468.f9c4.4b1a.8cd5.b2c77cc80dc9	13227.4413651382	24071.591273724	21424.3343420713	1	0.017982017982018	0.192807192807193
e676c661.cae3.4755.a90f.e632a3d82850	20724.1530406011	23335.9026960704	19862.1423766161	0.001998001998002	0.177822177822178	0.839160839160839
e88a253a.4d6b.483c.9e85.692241ff1d19	15049.5778166404	22949.7772140281	20948.6603195685	0.973026973026973	0.327672327672328	0.376623376623377
e893a718.4856.4e61.b33f.fcf44d62c305	15421.2281337906	20553.2046030873	20550.2192460798	0.948051948051948	1	0.554445554445554
eb9eb417.e7a2.4879.a173.cc10cd34da9e	19155.7148382078	21752.5619524655	20211.0869386324	0.013986013986014	0.89010989010989	0.709290709290709
ef068398.be98.409e.86aa.927f83bc5441	16230.3333453325	25189.9807822476	22564.72313359	0.798201798201798	0.000999000999000999	0.00799200799200799
f241eee0.28ea.4700.ba91.d3d50c2f7e48	15701.2793058079	22763.84157981	23835.8751805277	0.917082917082917	0.422577422577423	0.000999000999000999
f2eb8d3a.ee6e.4180.921d.0ef8f7d1ead5	17455.0596165796	22070.1116416896	19345.937387509	0.330669330669331	0.789210789210789	0.938061938061938
f3c448ec.974c.433f.a552.f57f64453628	15501.403640666	22291.6752293705	21659.7491091076	0.944055944055944	0.669330669330669	0.123876123876124
f93cd112.520d.408d.a15d.3451f2bacdfd	21163.7418423709	23725.7833172434	19657.3544780593	0.000999000999000999	0.0559440559440559	0.897102897102897
f982722f.ae1d.4b7a.b445.0646517acb0f	22168.6012699351	22196.8200589485	18655.4976725291	0.000999000999000999	0.733266733266733	0.989010989010989
f9fd3da8.5a2d.4f4d.a91c.4ab3f8666a97	15410.5665191982	22361.7267366558	18023.2168325407	0.948051948051948	0.624375624375624	0.998001998001998
fb2874e9.62d9.4a8c.9d67.d36b0be0737d	12685.314662726	24219.3697895545	20919.3908876875	1	0.00999000999000999	0.38961038961039
fb49f5f7.5576.4670.8918.47d0997a6f30	16183.4164834476	23330.7882848572	22803.5348317581	0.811188811188811	0.177822177822178	0.004995004995005
fd41e351.d25f.4056.984f.364a4fb173b1	20449.8776147576	23003.8527144885	22258.7400282133	0.001998001998002	0.306693306693307	0.027972027972028
